{
  "camera_angle_x": 0.9300391580726561,
  "camera_angle_y": 1.466187641562787,
  "fl_x": 1076.3058152079143,
  "fl_y": 1066.0689478987213,
  "k1": -0.003998429727584678,
  "k2": 0.00168157224836019,
  "k3": 0,
  "k4": 0,
  "p1": 0.0025660467364094306,
  "p2": -0.0049434526225273666,
  "is_fisheye": false,
  "cx": 537.9191845349553,
  "cy": 967.6186066722024,
  "w": 1080.0,
  "h": 1920.0,
  "aabb_scale": 32,
  "frames": [
    {
      "file_path": "./images/0010.jpg",
      "sharpness": 3.6515639254074204,
      "transform_matrix": [
        [
          0.9800083325910016,
          0.07126150027611476,
          0.1857564712444734,
          -0.5440071363847796
        ],
        [
          0.18748645689285406,
          -0.01834994667895499,
          -0.9820957733025034,
          -3.8316677998592885
        ],
        [
          -0.06657699687776054,
          0.9972888638774027,
          -0.031343666847614374,
          -0.1442033451004476
        ],
        [
          0.0,
          0.0,
          0.0,
          1.0
        ]
      ]
    },
    {
      "file_path": "./images/0011.jpg",
      "sharpness": 3.8625009633665908,
      "transform_matrix": [
        [
          0.981739767455849,
          0.07168317019993016,
          0.17620599332718637,
          -0.3119832607020511
        ],
        [
          0.17698076522006811,
          -0.004554090372834774,
          -0.9842037741255586,
          -3.7512783525101887
        ],
        [
          -0.06974838863420892,
          0.9974170558746028,
          -0.017157473938983765,
          -0.1438201331263667
        ],
        [
          0.0,
          0.0,
          0.0,
          1.0
        ]
      ]
    },
    {
      "file_path": "./images/0013.jpg",
      "sharpness": 3.8365639345631575,
      "transform_matrix": [
        [
          0.9821379309008561,
          0.07400140076739417,
          0.17299964551652977,
          0.1889215486611762
        ],
        [
          0.17248221578940992,
          0.013375402427869304,
          -0.9849218161083987,
          -3.5477614503536437
        ],
        [
          -0.07519953391704962,
          0.9971684367612904,
          0.0003725644895935659,
          -0.15486471769911597
        ],
        [
          0.0,
          0.0,
          0.0,
          1.0
        ]
      ]
    },
    {
      "file_path": "./images/0012.jpg",
      "sharpness": 4.39319395981893,
      "transform_matrix": [
        [
          0.9820916169966583,
          0.07748379430040024,
          0.1717332740743609,
          -0.04650263905878273
        ],
        [
          0.17403640196099113,
          -0.023970302390058682,
          -0.9844474365834878,
          -3.6476178294588464
        ],
        [
          -0.07216222416579403,
          0.9967054159593751,
          -0.03702603380447881,
          -0.15672084725706886
        ],
        [
          0.0,
          0.0,
          0.0,
          1.0
        ]
      ]
    },
    {
      "file_path": "./images/0077.jpg",
      "sharpness": 4.579503750823618,
      "transform_matrix": [
        [
          0.27118919297155525,
          -0.20915237614217197,
          0.9395273839266832,
          0.43580137991012624
        ],
        [
          0.9459699698475498,
          -0.12234947103272836,
          -0.3002855692247563,
          -2.5156478347175826
        ],
        [
          0.17775611876875524,
          0.9701988922231377,
          0.16467201264289158,
          0.7540510080340288
        ],
        [
          0.0,
          0.0,
          0.0,
          1.0
        ]
      ]
    },
    {
      "file_path": "./images/0004.jpg",
      "sharpness": 7.045368569824889,
      "transform_matrix": [
        [
          0.9899427088631904,
          0.04751082906209619,
          0.1332522205032188,
          -1.7457883111217818
        ],
        [
          0.13525259659403058,
          -0.041707546757872395,
          -0.9899329349294381,
          -4.3893543937290875
        ],
        [
          -0.0414749112371434,
          0.9979996000219171,
          -0.04771404481451003,
          -0.1497994255143569
        ],
        [
          0.0,
          0.0,
          0.0,
          1.0
        ]
      ]
    },
    {
      "file_path": "./images/0009.jpg",
      "sharpness": 5.235399174037398,
      "transform_matrix": [
        [
          0.9825270168716747,
          0.06859496078175045,
          0.17301847430605574,
          -0.8101971308523923
        ],
        [
          0.17532026810978002,
          -0.02904553777938616,
          -0.9840829031768715,
          -3.906083247304081
        ],
        [
          -0.062477713517420326,
          0.9972216845160715,
          -0.04056411250305014,
          -0.14765884788427863
        ],
        [
          0.0,
          0.0,
          0.0,
          1.0
        ]
      ]
    },
    {
      "file_path": "./images/0018.jpg",
      "sharpness": 5.55017408887075,
      "transform_matrix": [
        [
          0.9846206380678569,
          0.08840515372369329,
          0.1506875172817369,
          1.5917239734812545
        ],
        [
          0.15012219935148038,
          0.013047361620760003,
          -0.9885813530593273,
          -3.3666122524201887
        ],
        [
          -0.08936176101529587,
          0.9959991441404089,
          -0.00042487458687176863,
          -0.2528818507770262
        ],
        [
          0.0,
          0.0,
          0.0,
          1.0
        ]
      ]
    },
    {
      "file_path": "./images/0078.jpg",
      "sharpness": 4.769133872041845,
      "transform_matrix": [
        [
          0.21288710848028775,
          -0.22735665079779505,
          0.9502568244214343,
          0.24200014653347418
        ],
        [
          0.960883505987339,
          -0.12761311223839542,
          -0.24580028784830435,
          -2.629940758090676
        ],
        [
          0.17714956100051815,
          0.9654138215821112,
          0.19129606925952197,
          0.7113996196987239
        ],
        [
          0.0,
          0.0,
          0.0,
          1.0
        ]
      ]
    },
    {
      "file_path": "./images/0006.jpg",
      "sharpness": 5.222046198085373,
      "transform_matrix": [
        [
          0.989955191817919,
          0.059929156155776986,
          0.1280516083998957,
          -1.4068420596395113
        ],
        [
          0.13104854569498112,
          -0.04906591722878393,
          -0.990161004300678,
          -4.211685442480733
        ],
        [
          -0.053056543827334345,
          0.996996003997811,
          -0.056426688260884955,
          -0.15742035711267058
        ],
        [
          0.0,
          0.0,
          0.0,
          1.0
        ]
      ]
    },
    {
      "file_path": "./images/0017.jpg",
      "sharpness": 5.268057963745276,
      "transform_matrix": [
        [
          0.9844847387395222,
          0.08293510990792116,
          0.1546336532328347,
          1.2782261301830935
        ],
        [
          0.15327243338103655,
          0.02257484422465761,
          -0.9879260790027191,
          -3.4144723102016417
        ],
        [
          -0.08542458857661306,
          0.996299224094549,
          0.009512923510286675,
          -0.20971319279790532
        ],
        [
          0.0,
          0.0,
          0.0,
          1.0
        ]
      ]
    },
    {
      "file_path": "./images/0076.jpg",
      "sharpness": 4.428860917941029,
      "transform_matrix": [
        [
          0.350479092059462,
          -0.1795691833457897,
          0.919194927314277,
          0.6723043241974831
        ],
        [
          0.9198226585723789,
          -0.11877846717983716,
          -0.3739223883525136,
          -2.3474353708675495
        ],
        [
          0.17632550241703976,
          0.9765483009589573,
          0.12354243428939132,
          0.8017899452628428
        ],
        [
          0.0,
          0.0,
          0.0,
          1.0
        ]
      ]
    },
    {
      "file_path": "./images/0014.jpg",
      "sharpness": 4.351390308286751,
      "transform_matrix": [
        [
          0.983355682345227,
          0.07773783251086633,
          0.1642206788880817,
          0.4573047763804212
        ],
        [
          0.16374513488051162,
          0.01249626299996491,
          -0.9864235267946507,
          -3.4767254721249596
        ],
        [
          -0.07873457170415889,
          0.9968955174872376,
          -0.0004409206407145153,
          -0.16069562517015912
        ],
        [
          0.0,
          0.0,
          0.0,
          1.0
        ]
      ]
    },
    {
      "file_path": "./images/0002.jpg",
      "sharpness": 12.42929671709188,
      "transform_matrix": [
        [
          0.9918725196676046,
          0.03955671350629756,
          0.12093043919301283,
          -2.05168475940619
        ],
        [
          0.12313662968712795,
          -0.059128260346713306,
          -0.9906266800655357,
          -4.467115963524357
        ],
        [
          -0.03203552928260024,
          0.9974663479153689,
          -0.06351857695632142,
          -0.14369941212832496
        ],
        [
          0.0,
          0.0,
          0.0,
          1.0
        ]
      ]
    },
    {
      "file_path": "./images/0005.jpg",
      "sharpness": 8.011173308696144,
      "transform_matrix": [
        [
          0.9908413230587877,
          0.053087454130208274,
          0.12415794260409271,
          -1.5923990340725422
        ],
        [
          0.1265170213382265,
          -0.04365122331135113,
          -0.9910035388509587,
          -4.321328151492546
        ],
        [
          -0.04719020883313517,
          0.9976353506647775,
          -0.04996790242593742,
          -0.15279354583914947
        ],
        [
          0.0,
          0.0,
          0.0,
          1.0
        ]
      ]
    },
    {
      "file_path": "./images/0075.jpg",
      "sharpness": 7.1357127573272345,
      "transform_matrix": [
        [
          0.3929411727532465,
          -0.15760467025122327,
          0.9059569540816516,
          0.8902233391976725
        ],
        [
          0.9048917644433707,
          -0.1090163941990583,
          -0.4114441887284319,
          -2.22602688011684
        ],
        [
          0.1636096861248701,
          0.9814663487301456,
          0.09977813836223688,
          0.8276812724096446
        ],
        [
          0.0,
          0.0,
          0.0,
          1.0
        ]
      ]
    },
    {
      "file_path": "./images/0001.jpg",
      "sharpness": 10.203030959782764,
      "transform_matrix": [
        [
          0.9950914157801863,
          0.032360460211424524,
          0.09351938213058325,
          -2.1460682437386596
        ],
        [
          0.09470503791583876,
          -0.03728094913203961,
          -0.9948070599996626,
          -4.484801519529613
        ],
        [
          -0.028705922955093263,
          0.9987807223937321,
          -0.04016265106472737,
          -0.1603570091548696
        ],
        [
          0.0,
          0.0,
          0.0,
          1.0
        ]
      ]
    },
    {
      "file_path": "./images/0080.jpg",
      "sharpness": 6.839186433014811,
      "transform_matrix": [
        [
          0.16721466594446113,
          -0.22815971836344995,
          0.9591571291441202,
          0.08342236613260016
        ],
        [
          0.9735517078641551,
          -0.11540601578663497,
          -0.1971763769700631,
          -2.727783327845736
        ],
        [
          0.15568020942528488,
          0.9667598431955267,
          0.2028277051007981,
          0.4876134379364131
        ],
        [
          0.0,
          0.0,
          0.0,
          1.0
        ]
      ]
    },
    {
      "file_path": "./images/0019.jpg",
      "sharpness": 7.661285204329958,
      "transform_matrix": [
        [
          0.9851453544915327,
          0.0826695369397397,
          0.1505137142074381,
          1.8519087043448927
        ],
        [
          0.14870002151172473,
          0.027710006662394884,
          -0.988494035962373,
          -3.365594985113642
        ],
        [
          -0.08588908024417369,
          0.9961917000113737,
          0.015005422415084131,
          -0.21804572278188747
        ],
        [
          0.0,
          0.0,
          0.0,
          1.0
        ]
      ]
    },
    {
      "file_path": "./images/0003.jpg",
      "sharpness": 11.159544746045192,
      "transform_matrix": [
        [
          0.9901107012866249,
          0.04406137206834048,
          0.13318931889517252,
          -1.921189214929414
        ],
        [
          0.13553785344843067,
          -0.05547278096809645,
          -0.9892180047159757,
          -4.439059993035312
        ],
        [
          -0.036197920648130134,
          0.997487526760001,
          -0.060896177856776854,
          -0.14305998192130473
        ],
        [
          0.0,
          0.0,
          0.0,
          1.0
        ]
      ]
    },
    {
      "file_path": "./images/0007.jpg",
      "sharpness": 5.814980656738472,
      "transform_matrix": [
        [
          0.9869858634568038,
          0.06357069865808507,
          0.14770806202488576,
          -1.2258854880526162
        ],
        [
          0.15059945283697004,
          -0.043363428931746176,
          -0.9876433657127889,
          -4.098419834667012
        ],
        [
          -0.05638005073312253,
          0.9970347934159779,
          -0.052372803781018766,
          -0.14103534454185468
        ],
        [
          0.0,
          0.0,
          0.0,
          1.0
        ]
      ]
    },
    {
      "file_path": "./images/0087.jpg",
      "sharpness": 3.714770929530683,
      "transform_matrix": [
        [
          0.8609422008058157,
          -0.10699574691103307,
          0.4973232721210478,
          0.7305632757399204
        ],
        [
          0.5083716428870867,
          0.21623384207343133,
          -0.8335473581329654,
          -3.0654353773188863
        ],
        [
          -0.018352099714109782,
          0.9704611458810274,
          0.24055844352249,
          -0.17814069778720035
        ],
        [
          0.0,
          0.0,
          0.0,
          1.0
        ]
      ]
    },
    {
      "file_path": "./images/0025.jpg",
      "sharpness": 7.524157981682086,
      "transform_matrix": [
        [
          0.8595404229827674,
          0.04845273587820557,
          0.5087657551596009,
          3.3176133409307247
        ],
        [
          0.5081950088561269,
          0.024370833663621288,
          -0.8608971456801676,
          -2.8815482435090667
        ],
        [
          -0.0541118676106835,
          0.9985281141916164,
          -0.0036757218630565497,
          -0.24652631354328983
        ],
        [
          0.0,
          0.0,
          0.0,
          1.0
        ]
      ]
    },
    {
      "file_path": "./images/0090.jpg",
      "sharpness": 5.849582363167381,
      "transform_matrix": [
        [
          0.9929063544799469,
          0.1132636866976643,
          -0.0361705472393276,
          0.8748959462349437
        ],
        [
          -0.06459158828646945,
          0.25842058076897484,
          -0.9638707019915356,
          -3.30579849203885
        ],
        [
          -0.09982433538310834,
          0.9593696579998221,
          0.2639033181928967,
          -0.21547828511700967
        ],
        [
          0.0,
          0.0,
          0.0,
          1.0
        ]
      ]
    },
    {
      "file_path": "./images/0020.jpg",
      "sharpness": 9.209975854814985,
      "transform_matrix": [
        [
          0.9749313165699477,
          0.07910220698883008,
          0.20797059599684145,
          2.1377766315012146
        ],
        [
          0.20703458553073242,
          0.019946754274500402,
          -0.9781302609509783,
          -3.353145558434622
        ],
        [
          -0.08152060073845305,
          0.9966669292306298,
          0.003069822767637266,
          -0.24138931094448654
        ],
        [
          0.0,
          0.0,
          0.0,
          1.0
        ]
      ]
    },
    {
      "file_path": "./images/0026.jpg",
      "sharpness": 9.16559702539059,
      "transform_matrix": [
        [
          0.8128125624347958,
          0.04151984964698156,
          0.581043750858806,
          3.5707279131361203
        ],
        [
          0.5806373876261111,
          0.022494185545297272,
          -0.8138514825859678,
          -2.6875324320681075
        ],
        [
          -0.046861097133695885,
          0.9988844345971923,
          -0.005824420440695449,
          -0.22301081240162351
        ],
        [
          0.0,
          0.0,
          0.0,
          1.0
        ]
      ]
    },
    {
      "file_path": "./images/0082.jpg",
      "sharpness": 7.118759643788182,
      "transform_matrix": [
        [
          0.23186195529429257,
          -0.22270390335520457,
          0.9469123534393563,
          0.17611161478458626
        ],
        [
          0.9655214207633395,
          -0.06575251223185173,
          -0.2518828957717091,
          -2.8464230007810905
        ],
        [
          0.1183571701787846,
          0.9726662215499416,
          0.19977988312546957,
          0.22380151344248198
        ],
        [
          0.0,
          0.0,
          0.0,
          1.0
        ]
      ]
    },
    {
      "file_path": "./images/0022.jpg",
      "sharpness": 9.112107436684928,
      "transform_matrix": [
        [
          0.9502354721748083,
          0.06748770081697257,
          0.30413476887352925,
          2.6505162541977985
        ],
        [
          0.3028626327457191,
          0.028591296763838262,
          -0.9526052505816311,
          -3.2874053768889726
        ],
        [
          -0.07298474558099474,
          0.9973103568931859,
          0.006728961633092185,
          -0.2602722743969644
        ],
        [
          0.0,
          0.0,
          0.0,
          1.0
        ]
      ]
    },
    {
      "file_path": "./images/0008.jpg",
      "sharpness": 5.389671957175591,
      "transform_matrix": [
        [
          0.9855033555888831,
          0.06603475161787319,
          0.15627715021849475,
          -1.015496843333574
        ],
        [
          0.1585448830671844,
          -0.03059102339590307,
          -0.9868777580535508,
          -3.9868709353323966
        ],
        [
          -0.06038754967169074,
          0.9973482846252727,
          -0.04061702818118679,
          -0.13436365511188944
        ],
        [
          0.0,
          0.0,
          0.0,
          1.0
        ]
      ]
    },
    {
      "file_path": "./images/0027.jpg",
      "sharpness": 8.17580294376973,
      "transform_matrix": [
        [
          0.7653332075401712,
          0.03311151428613017,
          0.6427820073995146,
          3.732850206805116
        ],
        [
          0.6422870062067593,
          0.02529339489837978,
          -0.7660467647816757,
          -2.5043396779087423
        ],
        [
          -0.04162310754264144,
          0.9991315587923363,
          -0.0019092203346536968,
          -0.20670085388137516
        ],
        [
          0.0,
          0.0,
          0.0,
          1.0
        ]
      ]
    },
    {
      "file_path": "./images/0021.jpg",
      "sharpness": 9.668830503908477,
      "transform_matrix": [
        [
          0.964689280735571,
          0.07328195799021879,
          0.2529908026897497,
          2.388174338359839
        ],
        [
          0.25137775547557073,
          0.030609468693956417,
          -0.9674049227073103,
          -3.347027341588491
        ],
        [
          -0.07863724096015874,
          0.996841419202678,
          0.011107172221634539,
          -0.24340661227648322
        ],
        [
          0.0,
          0.0,
          0.0,
          1.0
        ]
      ]
    },
    {
      "file_path": "./images/0016.jpg",
      "sharpness": 6.486975635658454,
      "transform_matrix": [
        [
          0.9832919443077672,
          0.08118151046626916,
          0.1629310117702086,
          1.039380168441641
        ],
        [
          0.16152241769741693,
          0.02367066585379699,
          -0.9865851246391353,
          -3.441164757419075
        ],
        [
          -0.08394915615859114,
          0.9964182163705462,
          0.010162541207599556,
          -0.1894343065308952
        ],
        [
          0.0,
          0.0,
          0.0,
          1.0
        ]
      ]
    },
    {
      "file_path": "./images/0028.jpg",
      "sharpness": 11.212597895774389,
      "transform_matrix": [
        [
          0.7109569536462195,
          0.026558647776973462,
          0.7027338388529069,
          3.88662676729409
        ],
        [
          0.7023741676406533,
          0.022626728744376753,
          -0.7114482129975638,
          -2.228525270877364
        ],
        [
          -0.03479567045177877,
          0.999391149327026,
          -0.0025674779869315767,
          -0.20464555110129778
        ],
        [
          0.0,
          0.0,
          0.0,
          1.0
        ]
      ]
    },
    {
      "file_path": "./images/0029.jpg",
      "sharpness": 10.711409089038058,
      "transform_matrix": [
        [
          0.6613937650666555,
          0.0069598564962741055,
          0.7500065652426665,
          4.011783477432003
        ],
        [
          0.7494386574868679,
          0.03386352028772266,
          -0.6612071994904491,
          -1.9663096677751277
        ],
        [
          -0.029999769760777034,
          0.9994022325219685,
          0.017181135672639042,
          -0.15355586463473173
        ],
        [
          0.0,
          0.0,
          0.0,
          1.0
        ]
      ]
    },
    {
      "file_path": "./images/0023.jpg",
      "sharpness": 6.012803818170902,
      "transform_matrix": [
        [
          0.928969379335894,
          0.06052992366730491,
          0.3651739593340565,
          2.8746681743797704
        ],
        [
          0.3642541003634415,
          0.025987557698157155,
          -0.9309369458847917,
          -3.1785982366654557
        ],
        [
          -0.06583952161153869,
          0.9978280288528307,
          0.002093372454810845,
          -0.2644614357309787
        ],
        [
          0.0,
          0.0,
          0.0,
          1.0
        ]
      ]
    },
    {
      "file_path": "./images/0015.jpg",
      "sharpness": 5.418675245881858,
      "transform_matrix": [
        [
          0.9832491619427964,
          0.08238256025268952,
          0.16258597505196293,
          0.7317051933186557
        ],
        [
          0.16318193169046505,
          -0.0005079597519812004,
          -0.9865958641443098,
          -3.45868031719066
        ],
        [
          -0.08119570609135986,
          0.9966006500708791,
          -0.013942796320076186,
          -0.17838358224390033
        ],
        [
          0.0,
          0.0,
          0.0,
          1.0
        ]
      ]
    },
    {
      "file_path": "./images/0030.jpg",
      "sharpness": 12.15412705156175,
      "transform_matrix": [
        [
          0.5982395535732042,
          0.0029488166485833744,
          0.8013118874692321,
          4.148947034576012
        ],
        [
          0.8009572370817367,
          0.027774422205974827,
          -0.598076989891363,
          -1.6698402472981468
        ],
        [
          -0.024019594066163316,
          0.9996098668631227,
          0.014253881905746085,
          -0.13433637612435076
        ],
        [
          0.0,
          0.0,
          0.0,
          1.0
        ]
      ]
    },
    {
      "file_path": "./images/0024.jpg",
      "sharpness": 7.930798127618671,
      "transform_matrix": [
        [
          0.8927364904801585,
          0.05472310046806351,
          0.44724371523692663,
          3.1133162425437706
        ],
        [
          0.44643604444987994,
          0.026869962887859585,
          -0.8944120210005837,
          -3.0251503039110927
        ],
        [
          -0.06096242091530331,
          0.9981399638067692,
          -0.0004425681451557806,
          -0.25278862660426404
        ],
        [
          0.0,
          0.0,
          0.0,
          1.0
        ]
      ]
    },
    {
      "file_path": "./images/0032.jpg",
      "sharpness": 9.529360958592758,
      "transform_matrix": [
        [
          0.4963016048152357,
          -0.026772455524421493,
          0.8677372601551759,
          4.3343460834097804
        ],
        [
          0.8681136412467074,
          0.024473551049010434,
          -0.4957617887457982,
          -1.1455551322229505
        ],
        [
          -0.00796385169363159,
          0.9993419239193628,
          0.03538779651157255,
          -0.051325672119097485
        ],
        [
          0.0,
          0.0,
          0.0,
          1.0
        ]
      ]
    },
    {
      "file_path": "./images/0033.jpg",
      "sharpness": 9.240978490859062,
      "transform_matrix": [
        [
          0.4544194296194989,
          -0.029641843469821932,
          0.8902945260297839,
          4.369116317729122
        ],
        [
          0.8907855511459364,
          0.012853858016446488,
          -0.45424209426661705,
          -0.8577166749101244
        ],
        [
          0.002020853625248807,
          0.999477933437454,
          0.03224556870049054,
          -0.043583827305519594
        ],
        [
          0.0,
          0.0,
          0.0,
          1.0
        ]
      ]
    },
    {
      "file_path": "./images/0037.jpg",
      "sharpness": 4.751296773659642,
      "transform_matrix": [
        [
          0.27840976143160856,
          -0.08123875050237325,
          0.9570205170919823,
          4.469179932947254
        ],
        [
          0.9596364114084478,
          -0.01778645784547362,
          -0.28068060106894904,
          0.15718096116162242
        ],
        [
          0.03982414640560642,
          0.9965359538484935,
          0.07300773951393201,
          0.17526863369756995
        ],
        [
          0.0,
          0.0,
          0.0,
          1.0
        ]
      ]
    },
    {
      "file_path": "./images/0034.jpg",
      "sharpness": 6.95771216958129,
      "transform_matrix": [
        [
          0.4129868375142285,
          -0.05813117047386808,
          0.908879881523368,
          4.401394550819349
        ],
        [
          0.9106632143497525,
          0.013655724811127987,
          -0.4129237595610821,
          -0.6034417831564778
        ],
        [
          0.011592327911302068,
          0.9982155519615095,
          0.05857755316135843,
          0.01732384585490738
        ],
        [
          0.0,
          0.0,
          0.0,
          1.0
        ]
      ]
    },
    {
      "file_path": "./images/0039.jpg",
      "sharpness": 8.01976029123598,
      "transform_matrix": [
        [
          0.2436027996170985,
          -0.060179937921706686,
          0.9680062247057342,
          4.475074476921216
        ],
        [
          0.9684127027112428,
          -0.03969548438828736,
          -0.24617291838600808,
          0.631698419580388
        ],
        [
          0.05324014692704679,
          0.9973979364173298,
          0.04860908520261113,
          0.25361911119786407
        ],
        [
          0.0,
          0.0,
          0.0,
          1.0
        ]
      ]
    },
    {
      "file_path": "./images/0031.jpg",
      "sharpness": 12.384102339044452,
      "transform_matrix": [
        [
          0.5517332028877837,
          -0.018431581928041077,
          0.8338169760789327,
          4.259328396453347
        ],
        [
          0.8338473051533206,
          0.03257389167431101,
          -0.5510332233810719,
          -1.4169210006328166
        ],
        [
          -0.017004249853175918,
          0.9992993637281269,
          0.033341222504396986,
          -0.09409444104835801
        ],
        [
          0.0,
          0.0,
          0.0,
          1.0
        ]
      ]
    },
    {
      "file_path": "./images/0036.jpg",
      "sharpness": 6.356083684842255,
      "transform_matrix": [
        [
          0.306213366403203,
          -0.07073136449038218,
          0.9493315797401578,
          4.456912116373572
        ],
        [
          0.9514749756679381,
          -0.00918448759867274,
          -0.3075890372969184,
          -0.08307069266210648
        ],
        [
          0.03047531643144597,
          0.9974531163134817,
          0.06448671044116842,
          0.10619025507562815
        ],
        [
          0.0,
          0.0,
          0.0,
          1.0
        ]
      ]
    },
    {
      "file_path": "./images/0046.jpg",
      "sharpness": 6.761442358727521,
      "transform_matrix": [
        [
          0.05954685070278448,
          0.041263844883274094,
          0.9973722813751277,
          4.603359644641683
        ],
        [
          0.9955611060257222,
          -0.07540731442823036,
          -0.05631892310370799,
          0.9936860870777973
        ],
        [
          0.07288522991671122,
          0.9962986660710181,
          -0.04557094714502197,
          0.7951082263614326
        ],
        [
          0.0,
          0.0,
          0.0,
          1.0
        ]
      ]
    },
    {
      "file_path": "./images/0079.jpg",
      "sharpness": 6.456880273459595,
      "transform_matrix": [
        [
          0.17657887702098296,
          -0.22790767004228712,
          0.9575374635514278,
          0.12300565214255203
        ],
        [
          0.9694456467257222,
          -0.12802662620049943,
          -0.20924703349931317,
          -2.702931227251795
        ],
        [
          0.1702792947871619,
          0.9652291318120022,
          0.19833730069462824,
          0.6101342860075101
        ],
        [
          0.0,
          0.0,
          0.0,
          1.0
        ]
      ]
    },
    {
      "file_path": "./images/0041.jpg",
      "sharpness": 14.688748545281095,
      "transform_matrix": [
        [
          0.1673404519100245,
          -0.02621165275134263,
          0.9855506696224141,
          4.551396048178104
        ],
        [
          0.9842221013647434,
          -0.053840750165095576,
          -0.16854681488188122,
          1.0264115847803696
        ],
        [
          0.057480677962211776,
          0.9982054512275318,
          0.016788352487367597,
          0.3252838536209765
        ],
        [
          0.0,
          0.0,
          0.0,
          1.0
        ]
      ]
    },
    {
      "file_path": "./images/0054.jpg",
      "sharpness": 4.970003495799041,
      "transform_matrix": [
        [
          0.19165166058077354,
          -0.03131821374137052,
          0.9809632054584303,
          4.084763831786594
        ],
        [
          0.9766193581337969,
          -0.09309067936914941,
          -0.19377501059971464,
          -0.23259353186964404
        ],
        [
          0.09738721843196202,
          0.9951649586281769,
          0.012744990516304483,
          0.8793503928226125
        ],
        [
          0.0,
          0.0,
          0.0,
          1.0
        ]
      ]
    },
    {
      "file_path": "./images/0035.jpg",
      "sharpness": 9.523896113101294,
      "transform_matrix": [
        [
          0.34476122634316547,
          -0.05689155858349561,
          0.9369648058229801,
          4.429037704538125
        ],
        [
          0.9384192395668451,
          -0.0031020107154923907,
          -0.34548474400514984,
          -0.32646174681026474
        ],
        [
          0.022561640420975103,
          0.9983755446073678,
          0.0523186801252937,
          0.047824507615669
        ],
        [
          0.0,
          0.0,
          0.0,
          1.0
        ]
      ]
    },
    {
      "file_path": "./images/0043.jpg",
      "sharpness": 12.411088424424236,
      "transform_matrix": [
        [
          0.14389606991909382,
          0.025359894287749277,
          0.9892678084331618,
          4.598196467451692
        ],
        [
          0.9877302138706079,
          -0.06498598954140142,
          -0.1420064990429909,
          1.155515487494526
        ],
        [
          0.060687277648578945,
          0.9975638811142503,
          -0.03439996230338561,
          0.5157454397173648
        ],
        [
          0.0,
          0.0,
          0.0,
          1.0
        ]
      ]
    },
    {
      "file_path": "./images/0084.jpg",
      "sharpness": 4.177682287365086,
      "transform_matrix": [
        [
          0.3843386406161697,
          -0.2526923699311319,
          0.8879360199285194,
          0.32033290201788467
        ],
        [
          0.9198121015142329,
          0.02258556314182554,
          -0.39170855268367044,
          -3.0461805229243217
        ],
        [
          0.07892722745593353,
          0.9672830291568046,
          0.24111000445844638,
          -0.021738833233083035
        ],
        [
          0.0,
          0.0,
          0.0,
          1.0
        ]
      ]
    },
    {
      "file_path": "./images/0045.jpg",
      "sharpness": 7.794089504531843,
      "transform_matrix": [
        [
          0.07677603565134494,
          0.04484787141530369,
          0.9960392104519666,
          4.587005780941787
        ],
        [
          0.9946707708495135,
          -0.07239401577402167,
          -0.07341092628310954,
          1.0725346357354335
        ],
        [
          0.06881495453058051,
          0.996367289150109,
          -0.05016699236763029,
          0.7415774963746176
        ],
        [
          0.0,
          0.0,
          0.0,
          1.0
        ]
      ]
    },
    {
      "file_path": "./images/0038.jpg",
      "sharpness": 12.640219424984785,
      "transform_matrix": [
        [
          0.2645290750978088,
          -0.06233030576062701,
          0.9623613154061638,
          4.471071671041558
        ],
        [
          0.9631851823576113,
          -0.032535428641774854,
          -0.2668627931537666,
          0.378969299067197
        ],
        [
          0.04794447739841104,
          0.9975251269243803,
          0.05142906007393577,
          0.20139829364858378
        ],
        [
          0.0,
          0.0,
          0.0,
          1.0
        ]
      ]
    },
    {
      "file_path": "./images/0042.jpg",
      "sharpness": 9.441441445449582,
      "transform_matrix": [
        [
          0.14345943650893392,
          0.0002803720809510801,
          0.9896561581916383,
          4.584921763450493
        ],
        [
          0.9878772699351986,
          -0.05997228884536719,
          -0.1431845805805401,
          1.1377472940798747
        ],
        [
          0.059311800017847874,
          0.998200002975765,
          -0.008880563969803412,
          0.39809883641143734
        ],
        [
          0.0,
          0.0,
          0.0,
          1.0
        ]
      ]
    },
    {
      "file_path": "./images/0047.jpg",
      "sharpness": 10.936034279150102,
      "transform_matrix": [
        [
          0.0567525749331203,
          0.019737009703760452,
          0.9981931655070634,
          4.604552134169025
        ],
        [
          0.9954938891077479,
          -0.07719395464574984,
          -0.05507277108771263,
          0.8471973965108408
        ],
        [
          0.07596750612847854,
          0.9968207179793304,
          -0.024029028244770684,
          0.8447176153579875
        ],
        [
          0.0,
          0.0,
          0.0,
          1.0
        ]
      ]
    },
    {
      "file_path": "./images/0040.jpg",
      "sharpness": 17.414832786287715,
      "transform_matrix": [
        [
          0.21710676763798814,
          -0.029854379167660802,
          0.9756912254749941,
          4.507782593152641
        ],
        [
          0.9744906632469487,
          -0.05158928038934191,
          -0.21841816177559736,
          0.830918902341117
        ],
        [
          0.05685594682320226,
          0.9982220505338861,
          0.017892431845819748,
          0.2838497463449455
        ],
        [
          0.0,
          0.0,
          0.0,
          1.0
        ]
      ]
    },
    {
      "file_path": "./images/0044.jpg",
      "sharpness": 16.99554572461708,
      "transform_matrix": [
        [
          0.11556707526420487,
          0.012954002814327528,
          0.993215205735676,
          4.580233072037226
        ],
        [
          0.9913133642166618,
          -0.06470815508204682,
          -0.11450182789510736,
          1.135813493230758
        ],
        [
          0.06278586656179229,
          0.9978201483512199,
          -0.020319608338517883,
          0.6293272874507381
        ],
        [
          0.0,
          0.0,
          0.0,
          1.0
        ]
      ]
    },
    {
      "file_path": "./images/0052.jpg",
      "sharpness": 11.065107056492934,
      "transform_matrix": [
        [
          0.08839040127698523,
          -0.029659913629175125,
          0.995644226852243,
          4.325021188125489
        ],
        [
          0.9920975525936564,
          -0.0867370634124133,
          -0.09065940639705833,
          0.13155389687141295
        ],
        [
          0.08904820660409526,
          0.9957896220250828,
          0.021758803881033323,
          0.884496570073892
        ],
        [
          0.0,
          0.0,
          0.0,
          1.0
        ]
      ]
    },
    {
      "file_path": "./images/0085.jpg",
      "sharpness": 3.5857383277950072,
      "transform_matrix": [
        [
          0.564727862131671,
          -0.21588955956555728,
